36456
30484
36511
36475
36949
34281
35968
36023
36563
36470
36793
36296
35928
36266
36028
36902
36828
35756
31931
31433
33889
36754
35249
36652
36934
35842
36525
36943
36864
36397
36884
36001
37140
36800
33850
33531
34607
37188
36309
37254
36267
36976
35857
33733
37029
36513
36565
37245
37320
37258
37023
36655
35183
34338
37036
37126
37204
37433
37448
37178
36418
37283
37096
37484
37611
37467
35656
37368
37559
37324
37359
21
35849
34572
34566
34577
235
34279
36516
33354
34612
35589
966
34034
35964
35789
34866
36029
33899
36522
23539
8687
36593
1199
2406
31044
6149
32353
1960
36531
4459
28921
35516
36409
9947
7505
33044
33398
30151
35478
24403
35444
10506
8336
32956
35517
13463
35957
36231
13457
18941
32663
22669
29399
29429
30119
36552
29427
35226
29431
35112
29375
29421
36740
29425
29387
37002
35697
35372
35696
35695
35698
36506
35699
36981
36657
35700
34990
37343
37752
37078
34420
36904
37564
33735
37293
37563
37717
37678
37665
37753
36106
36962
36517
36214
36777
35231
36933
37224
37233
37222
37474
34440
35677
36466
36803
36816
33185
35798
35424
36566
37179
37050
37719
36992
37172
37109
37595
36529
37706
37668
37710
37284
37723
